2
11 5 
 2.3874950409e+00 -3.6768722534e-01  1.1188795567e+00  3.8316237926e+00  3.3033246994e+00 -2.8032259941e+00 -5.3031867743e-01 -1.7541821003e+00  3.4208691120e+00  9.1671252251e-01  6.2325358391e-02
-1.6026144028e+00  4.0233125687e+00 -2.4570685625e-01  4.5746847987e-01 -1.0997767448e+00 -1.3047661781e+00  3.9929885864e+00  4.0802216530e+00  4.8287296295e-01 -7.8392457962e-01  3.2095007896e+00
 1.7568659782e+00 -1.7770439386e+00  3.0818157196e+00 -8.3382546902e-01  2.8378586769e+00  1.5749695301e+00  2.3220257759e+00 -3.2488247752e-01  4.5561580658e+00  2.7486371994e+00  2.3690488338e+00
 3.8298735619e+00  1.2583169937e+00  7.3095959425e-01 -1.6879589558e+00  6.1738419533e-01 -1.5471780300e+00 -1.7897847295e-01  2.3833086491e+00  2.5655651093e+00 -1.5257091522e+00 -2.0829623938e-01
 7.5500905514e-01  1.6321847439e+00  1.5514878929e-01  1.9879862666e-01  9.5509505272e-01  4.0865621567e+00 -1.3337018490e+00 -3.2809224129e+00  6.0326898098e-01  2.3917248249e+00  1.1229622364e+00
-2.0994652808e-01
 6.2623515725e-02
-1.4242019504e-02
-8.2842153311e-01
-1.7214785814e+00
